0 0.66796875 0.2734375 0.2546875 0.275
0 0.871875 0.5484375 0.25625 0.3625
0 0.47890625 0.74609375 0.3703125 0.5078125
0 0.36328125 0.43671875 0.24375 0.3125
5 0.29375 0.38671875 0.1609375 0.2296875
5 0.42734375 0.7125 0.196875 0.340625
5 0.46875 0.2140625 0.0984375 0.290625
6 0.4359375 0.15859375 0.090625 0.2796875
7 0.3234375 0.39296875 0.2203125 0.2375
7 0.42734375 0.71328125 0.1984375 0.346875
3 0.878125 0.49375 0.1703125 0.209375
8 0.4375 0.1609375 0.0921875 0.2796875
8 0.46875 0.2125 0.1015625 0.296875