0 0.60390625 0.2375 0.25 0.271875
0 0.8734375 0.45 0.253125 0.359375
0 0.546875 0.7453125 0.3625 0.509375
0 0.3515625 0.47421875 0.2390625 0.309375
5 0.26328125 0.40078125 0.115625 0.1828125
5 0.484375 0.71953125 0.1921875 0.3484375
5 0.30859375 0.20078125 0.096875 0.2859375
6 0.346875 0.16484375 0.0828125 0.2796875
7 0.303125 0.39921875 0.19375 0.19375
7 0.484375 0.7203125 0.1921875 0.35
3 0.87109375 0.3796875 0.140625 0.1671875
8 0.3078125 0.19921875 0.09375 0.284375
8 0.346875 0.16484375 0.0828125 0.28125