0 0.575 0.7390625 0.353125 0.521875
0 0.3578125 0.47890625 0.24375 0.328125
5 0.2703125 0.4171875 0.1390625 0.1921875
0 0.58359375 0.23359375 0.259375 0.2765625
0 0.86796875 0.4296875 0.2640625 0.38125
5 0.503125 0.7234375 0.2078125 0.3515625
5 0.89453125 0.3296875 0.0734375 0.125
6 0.3109375 0.15078125 0.109375 0.2546875
5 0.26328125 0.184375 0.1046875 0.3015625
8 0.31171875 0.15078125 0.1046875 0.2546875
8 0.26328125 0.18203125 0.1046875 0.296875
7 0.27109375 0.41484375 0.140625 0.19375
7 0.50234375 0.72265625 0.20625 0.346875
3 0.86328125 0.33515625 0.13125 0.140625