0 0.5875 0.734375 0.375 0.53125
0 0.35625 0.48671875 0.2578125 0.334375
5 0.290625 0.45625 0.19375 0.2484375
0 0.56953125 0.2296875 0.26875 0.2859375
0 0.8625 0.41015625 0.275 0.3890625
5 0.5125 0.7125 0.228125 0.3734375
5 0.88515625 0.309375 0.078125 0.1265625
6 0.2703125 0.16875 0.0984375 0.2546875
5 0.234375 0.18671875 0.0953125 0.271875
8 0.23125 0.18671875 0.09375 0.2703125
8 0.271875 0.16875 0.1015625 0.25625
7 0.2890625 0.4515625 0.1984375 0.259375
7 0.51328125 0.7125 0.228125 0.38125
3 0.85546875 0.33125 0.1453125 0.1625