0 0.5578125 0.74453125 0.321875 0.5109375
0 0.359375 0.46953125 0.225 0.3171875
5 0.27734375 0.4015625 0.1328125 0.1953125
0 0.60234375 0.23984375 0.24375 0.2640625
0 0.87578125 0.45703125 0.2484375 0.3703125
5 0.48671875 0.71484375 0.1875 0.3578125
5 0.90546875 0.3578125 0.065625 0.121875
6 0.340625 0.13828125 0.103125 0.253125
5 0.28125 0.16015625 0.0765625 0.28125
8 0.34140625 0.13828125 0.1046875 0.253125
8 0.28046875 0.1609375 0.0765625 0.2828125
7 0.27890625 0.40625 0.1359375 0.1984375
7 0.48828125 0.71484375 0.190625 0.3625
3 0.8734375 0.37734375 0.134375 0.1578125