0 0.69140625 0.2921875 0.275 0.29375
0 0.8609375 0.5875 0.278125 0.378125
0 0.45234375 0.73828125 0.4140625 0.5234375
0 0.3703125 0.42265625 0.26875 0.3265625
5 0.325 0.3515625 0.178125 0.2484375
5 0.40546875 0.70390625 0.2265625 0.35
5 0.453125 0.15625 0.128125 0.2859375
6 0.49140625 0.14140625 0.109375 0.2765625
7 0.35390625 0.359375 0.2375 0.2609375
7 0.40625 0.703125 0.2265625 0.353125
3 0.88828125 0.5390625 0.1609375 0.2078125
8 0.453125 0.15546875 0.128125 0.284375
8 0.48984375 0.14296875 0.1046875 0.2734375