0 0.63515625 0.25234375 0.221875 0.246875
0 0.87890625 0.49609375 0.2171875 0.3359375
0 0.515625 0.75546875 0.3046875 0.4890625
0 0.35546875 0.45625 0.20625 0.2859375
5 0.2796875 0.41640625 0.1328125 0.2125
5 0.4578125 0.7203125 0.153125 0.321875
5 0.42890625 0.22109375 0.059375 0.284375
6 0.3890625 0.17109375 0.053125 0.275
7 0.31015625 0.41875 0.1921875 0.2125
7 0.4578125 0.72109375 0.1546875 0.328125
3 0.8734375 0.44140625 0.1453125 0.190625
8 0.390625 0.17265625 0.0546875 0.275
8 0.42890625 0.21953125 0.0609375 0.290625