0 0.66796875 0.2734375 0.2546875 0.275
0 0.871875 0.5484375 0.25625 0.3625
0 0.47890625 0.74609375 0.3703125 0.5078125
0 0.36328125 0.43671875 0.24375 0.3125
5 0.296875 0.34296875 0.11875 0.1828125
5 0.428125 0.7078125 0.1984375 0.3515625
5 0.39296875 0.16171875 0.1015625 0.2859375
6 0.4390625 0.13828125 0.0875 0.2765625
7 0.3359375 0.3515625 0.1953125 0.1953125
7 0.428125 0.70859375 0.1984375 0.353125
3 0.8890625 0.4796875 0.14375 0.16875
8 0.3921875 0.16015625 0.0984375 0.2859375
8 0.4390625 0.13828125 0.0875 0.2765625