0 0.5578125 0.74453125 0.321875 0.5109375
0 0.359375 0.46953125 0.225 0.3171875
5 0.2984375 0.43046875 0.1671875 0.234375
0 0.60234375 0.23984375 0.24375 0.2640625
0 0.87578125 0.45703125 0.2484375 0.3703125
5 0.4859375 0.7125 0.1890625 0.3625
5 0.90546875 0.3578125 0.065625 0.121875
6 0.3125 0.14375 0.06875 0.2546875
5 0.275 0.15703125 0.0640625 0.271875
8 0.27109375 0.15625 0.0625 0.2703125
8 0.3140625 0.14296875 0.0734375 0.2546875
7 0.2984375 0.42578125 0.1703125 0.2453125
7 0.48671875 0.7125 0.1875 0.3703125
3 0.8734375 0.37578125 0.13125 0.15