0 0.63984375 0.2546875 0.2265625 0.25
0 0.87890625 0.50234375 0.2234375 0.3390625
0 0.5109375 0.75390625 0.3125 0.4921875
0 0.35625 0.45390625 0.2109375 0.2890625
5 0.28125 0.4125 0.1359375 0.2140625
5 0.45390625 0.71953125 0.159375 0.325
5 0.43359375 0.21953125 0.0640625 0.2859375
6 0.39453125 0.16953125 0.0578125 0.2765625
7 0.31171875 0.415625 0.1953125 0.215625
7 0.45390625 0.7203125 0.1609375 0.33125
3 0.87421875 0.44765625 0.1484375 0.19375
8 0.39609375 0.17109375 0.059375 0.2765625
8 0.43359375 0.21796875 0.065625 0.2921875