0 0.4734375 0.74140625 0.375 0.5171875
0 0.37734375 0.425 0.2578125 0.334375
5 0.33046875 0.36875 0.19375 0.2484375
0 0.68125 0.2875 0.26875 0.2859375
0 0.8625 0.58203125 0.275 0.3890625
5 0.41796875 0.696875 0.228125 0.3734375
5 0.9296875 0.49765625 0.078125 0.1265625
6 0.43828125 0.1140625 0.0984375 0.228125
5 0.39765625 0.11875 0.0953125 0.2375
8 0.3953125 0.11796875 0.09375 0.2359375
8 0.43984375 0.11484375 0.1015625 0.2296875
7 0.33203125 0.3640625 0.1984375 0.259375
7 0.41875 0.696875 0.228125 0.38125
3 0.89375 0.50390625 0.1453125 0.1625