0 0.5140625 0.75 0.30625 0.5
0 0.36640625 0.4453125 0.215625 0.3109375
5 0.29765625 0.36484375 0.1265625 0.1921875
0 0.64609375 0.26171875 0.2359375 0.25625
0 0.8796875 0.5234375 0.240625 0.3625
5 0.44921875 0.709375 0.1765625 0.353125
5 0.92421875 0.43046875 0.0609375 0.1203125
6 0.40546875 0.1203125 0.0953125 0.240625
5 0.34296875 0.13359375 0.0671875 0.2671875
8 0.40625 0.12109375 0.096875 0.2421875
8 0.3421875 0.134375 0.065625 0.26875
7 0.2984375 0.36953125 0.1296875 0.1953125
7 0.45078125 0.709375 0.178125 0.3578125
3 0.8890625 0.44453125 0.1296875 0.153125