0 0.63046875 0.25 0.2265625 0.25
0 0.87890625 0.48984375 0.2234375 0.3390625
0 0.5203125 0.75390625 0.3125 0.4921875
0 0.3546875 0.45859375 0.2109375 0.2890625
5 0.29296875 0.40234375 0.13125 0.225
5 0.46171875 0.72109375 0.159375 0.325
5 0.365625 0.18046875 0.0671875 0.28125
6 0.3984375 0.15546875 0.05 0.2734375
7 0.32265625 0.40234375 0.1921875 0.225
7 0.46171875 0.7203125 0.159375 0.328125
3 0.88515625 0.43671875 0.1234375 0.1859375
8 0.365625 0.1796875 0.0671875 0.2796875
8 0.39765625 0.1578125 0.0453125 0.271875