0 0.5046875 0.7484375 0.321875 0.503125
0 0.36875 0.440625 0.225 0.3171875
5 0.30234375 0.3578125 0.128125 0.1859375
0 0.65390625 0.2671875 0.24375 0.2640625
0 0.87578125 0.53671875 0.2484375 0.3703125
5 0.44140625 0.715625 0.1875 0.34375
5 0.92578125 0.4453125 0.065625 0.121875
6 0.41328125 0.11953125 0.0921875 0.2390625
5 0.35859375 0.14140625 0.0859375 0.2828125
8 0.4140625 0.11875 0.0875 0.2375
8 0.359375 0.1390625 0.084375 0.278125
7 0.303125 0.35546875 0.128125 0.1875
7 0.44140625 0.71484375 0.184375 0.3390625
3 0.8953125 0.44140625 0.1234375 0.134375